3  2
4  3
5  2
5  4
6  5
7  2
7  6
8  3
8  7
9  2
9  8
10  3
10  4
10  9
11  10
12  5
12  11
13  3
13  12
14  6
14  13
15  2
15  4
15  14
16  3
16  7
16  15
17  2
17  4
17  16
18  5
18  8
18  17
19  18
20  3
20  9
20  19
21  2
21  4
21  6
21  20
22  10
22  21
23  3
23  22
24  5
24  7
24  11
24  23
25  4
25  24
26  3
26  5
26  12
26  25
27  2
27  8
27  26
28  3
28  6
28  13
28  27
29  4
29  28
30  9
30  14
30  29
31  2
31  5
31  30
32  7
32  15
32  31
33  2
33  10
33  32
34  4
34  16
34  33
35  6
35  34
36  5
36  8
36  11
36  17
36  35
37  6
37  36
38  4
38  18
38  37
39  12
39  38
40  3
40  7
40  9
40  19
40  39
41  5
41  40
42  4
42  13
42  20
42  41
43  6
43  42
44  10
44  21
44  43
45  2
45  8
45  14
45  44
46  4
46  5
46  22
46  45
47  46
48  7
48  11
48  15
48  23
48  47
49  6
49  48
50  7
50  9
50  24
50  49
51  2
51  4
51  16
51  50
52  3
52  5
52  12
52  25
52  51
53  52
54  8
54  17
54  26
54  53
55  4
55  6
55  10
55  54
56  3
56  13
56  27
56  55
57  5
57  7
57  18
57  56
58  28
58  57
59  4
59  58
60  9
60  11
60  14
60  19
60  29
60  59
61  6
61  60
62  5
62  30
62  61
63  2
63  4
63  8
63  20
63  62
64  7
64  15
64  31
64  63
65  2
65  4
65  8
65  12
65  64
66  10
66  21
66  32
66  65
67  5
67  6
67  66
68  3
68  16
68  33
68  67
69  22
69  68
70  9
70  13
70  34
70  69
71  7
71  70
72  5
72  11
72  17
72  23
72  35
72  71
73  2
73  8
73  72
74  6
74  36
74  73
75  14
75  24
75  74
76  18
76  37
76  75
77  10
77  76
78  5
78  7
78  12
78  25
78  38
78  77
79  78
80  3
80  6
80  9
80  15
80  19
80  39
80  79
81  8
81  26
81  80
82  3
82  9
82  40
82  81
83  5
83  82
84  11
84  13
84  20
84  27
84  41
84  83
85  2
85  4
85  7
85  16
85  84
86  6
86  42
86  85
87  28
87  86
88  5
88  10
88  21
88  43
88  87
89  8
89  88
90  14
90  17
90  29
90  44
90  89
91  3
91  9
91  12
91  90
92  6
92  7
92  22
92  45
92  91
93  2
93  5
93  30
93  92
94  46
94  93
95  18
95  94
96  11
96  15
96  23
96  31
96  47
96  95
97  8
97  96
98  5
98  6
98  13
98  48
98  97
99  2
99  10
99  32
99  98
100  3
100  7
100  9
100  19
100  24
100  49
100  99
