1 10
7 1
2 2
113 4
797 1
3 2
487 4
1013 5
757 4
4 3
857 1
883 3
113 5
307 4
5 4
317 1
827 1
109 4
587 4
239 2
6 5
89 3
199 3
97 2
1021 3
241 3
109 2
7 6
1021 2
499 2
131 2
701 1
461 2
43 2
251 2
8 1
449 1
13 1
487 2
907 1
881 1
601 2
61 1
617 2
9 3
157 1
733 2
937 1
353 2
13 1
233 1
151 2
79 1
409 2
10 2
193 1
541 1
739 2
569 1
593 1
31 2
17 1
19 2
71 2
109 2
9 4
173659 261
874771 16
95869 2
408251 4
510049 8
846487 16
757157 4
323333 4
97127 1
3 4
955841 399
72229 356
523357 72
3 4
313133 655
161323 160
969911 2
10 5
210421 35
358601 381
632153 4
913321 5
715859 41
317279 16
339631 6
556487 4
868039 16
900589 352
9 4
921589 8
773387 4
448451 2
473117 118
228593 110
563599 19
847949 16
497929 35
736441 2
6 3
916073 8
357587 2
685637 108
41453 3
773579 4
433781 31
7 5
1027969 823
104701 4
320011 99
350351 8
524389 8
119983 4
1027727 1
3 3
287237 189
798023 2
909773 129
8 2
554573 16
80233 8
711223 64
644857 41
952429 13
863123 430
624539 120
830411 1
8 2
869951 2
913217 8
356663 13
795827 16
872369 576
265037 42
18869 6
471451 18
10 3
734329 12
832121 8
503927 16
2137 348
955657 1
150919 8
918361 4
28649 6
122839 16
989803 32
1 3
845623 505
6 1
566677 438
794921 1
239831 10
920123 507
13907 26
361111 4
8 5
417671 8
301793 1
421433 38
50821 8
301403 5
700109 818
172969 4
93241 16
1 1
4723 44
5 1
603667 43
848363 178
921197 7
526759 2
216911 523
10 2
147419 12
910523 16
208609 22
110503 7
699823 8
945481 32
323957 7
793999 45
974971 2
451159 20
2 2
538649 377
337189 63
7 2
201827 2
11093 194
4229 4
472469 9
348097 163
625231 2
576943 1
5 4
181667 8
462953 189
1006433 2
120943 85
19553 4
7 1
812503 2
640249 69
106121 458
275059 115
743573 4
809087 27
237361 119
3 1
224869 340
659653 179
82561 272
10 5
125017 8
92467 16
57047 1
388163 32
87649 118
283687 8
519931 6
188291 2
581377 10
724949 2
4 4
7741 485
14489 1
985277 2
67103 473
10 3
846961 34
188779 16
919229 3
95929 16
847727 1
33749 2
56267 165
351301 4
621833 8
546661 8
4 5
1014677 153
393539 54
894407 15
442237 2
1 3
441403 510
6 1
269719 2
878677 11
857551 40
296909 23
915071 2
894137 19
4 5
669839 2
259429 307
321847 1
876853 594
3 1
707143 363
149419 2
380329 2
6 3
518299 2
18371 21
743221 95
207811 253
174467 4
781367 2
6 3
814381 267
804823 425
440371 6
255517 2
966373 8
830383 4
1 5
985531 321
5 4
185567 125
629903 184
500107 2
1028843 2
837409 4
5 3
296971 2
699157 123
708229 30
680443 15
44071 6
7 1
932317 45
432559 15
632353 2
460379 12
570419 2
510311 8
646637 13
4 5
644101 2
243643 629
863899 33
295123 315
10 2
453317 598
356141 13
768389 16
520837 22
221093 1
176641 32
15619 2
696989 56
145399 19
621301 8
10 5
344039 2
742457 16
747161 1
64693 41
759173 8
1023571 2
891557 137
225619 8
1022933 4
310019 68
2 3
174487 77
444803 170
6 1
362633 327
1047511 8
878011 2
425291 6
54091 272
1006769 87
5 2
159979 360
94447 136
234811 4
1041223 388
273181 2
8 5
185551 108
924929 1
306167 344
214499 16
339943 325
141023 8
880667 4
1037087 8
1 1
926561 313
4 3
406331 26
385129 29
349519 31
216901 156
8 2
559649 8
880097 46
554167 2
105253 25
976561 116
68329 2
720961 27
400417 8
10 2
738797 11
406699 30
929743 161
21377 2
187303 4
229267 16
477941 2
582587 16
417721 32
59359 1
1 3
911077 227
10 2
448867 2
991979 32
303713 11
431447 5
1036319 7
738211 16
688657 16
40459 8
437771 4
390539 1
2 2
405407 1
36571 264
10 1
481589 7
58979 4
491461 25
150559 427
900997 16
715859 11
420997 63
366269 4
101929 32
1001941 8
7 3
197759 8
312083 2
702337 237
929011 2
619207 6
1026833 19
968659 8
2 3
698273 141
771941 99
4 1
502883 156
183763 395
622477 5
586903 2
4 2
101747 292
784841 1
934403 537
260863 43
5 4
257797 389
189733 10
880981 4
581459 12
681557 421
9 2
59009 4
562579 2
245909 31
939487 17
287179 8
314233 26
892093 2
628093 29
637543 1
1 2
507317 126
4 4
586819 115
215393 510
974497 2
574619 237
2 5
12391 95
249563 8
7 2
106693 1
15107 8
268973 710
716731 160
533129 5
576529 19
150217 2
6 3
964583 393
885163 1
325891 96
410171 14
720653 8
899851 4
5 4
197359 4
771623 4
15461 619
30803 215
419743 106
5 4
883429 2
868999 589
748933 1
234781 4
677371 232
6 5
898129 2
569813 385
982171 38
978277 1
567793 21
114083 67
3 1
920743 384
573569 270
380059 2
8 3
590279 118
390449 16
850879 308
921919 103
290441 4
275911 1
935113 48
172399 9
9 4
577937 8
616789 11
375019 2
499099 2
607889 16
782839 1
653693 25
740171 15
958673 431
9 4
301579 21
660391 181
661721 1
369731 2
829187 398
17623 4
23677 16
843607 3
145723 68
2 3
460793 114
43223 2
7 4
101797 59
698557 13
920741 2
306899 32
664043 351
75377 1
513479 33
2 5
1006739 173
21911 226
1 1
131249 152
4 2
659983 32
23531 158
707689 32
338309 80
7 4
914239 298
105397 1
61027 4
171559 8
125329 36
677543 8
406697 45
10 2
572609 2
570463 1
989887 19
5711 16
547103 12
934229 14
35897 386
400651 4
13789 308
246929 16
1 1
1039327 66
6 2
89513 94
463297 9
1009501 1
594823 61
73673 4
55399 3
8 3
621869 6
467293 8
432503 8
72797 3
496291 1
942257 65
333287 2
70949 22
8 1
493711 8
421423 3
369917 58
595873 12
616843 16
842351 132
560897 2
419191 71
5 4
980179 41
798257 4
1017449 498
258527 289
110063 5
5 5
537599 478
1006267 24
891067 374
244669 4
385639 2
5 1
404713 60
680759 1
569197 393
15313 23
1016137 4
2 4
138401 1
706841 406
8 4
734869 24
54583 201
896549 3
381239 4
740527 8
386431 97
430753 4
341041 16
6 5
447943 393
851359 47
573941 2
904489 165
343829 135
939487 4
9 4
182387 115
499853 4
1034861 36
668741 16
661139 16
900539 539
1030703 4
667081 2
88993 89
7 5
235091 9
311827 182
94007 4
566011 224
539863 32
390407 357
291619 2
3 2
662957 236
204983 2
255659 529
9 4
463643 612
283859 8
300427 16
925579 235
29429 12
110281 4
317399 1
680569 2
165397 17
9 6
27031379 43
28192513 2364
607837 993
12511087 46
1008187 295
29629291 816
2761411 3590
29424649 1216
3215623 586
7 8
26309827 481
23526023 560
27227927 348
2064199 152
20874107 756
24625903 6718
22981663 972
7 9
17964131 622
15054307 1501
25218671 1484
25426879 1534
30444343 987
30125593 1119
20163641 2667
8 10
661417 129
29361341 1232
29947777 830
6814189 577
16075063 377
22769363 2372
12560221 2730
11329793 1698
5 8
16124473 1902
30695969 637
1061831 3305
2649821 2332
24606167 1812
7 9
16027997 1276
10885621 1167
15522061 3245
2754721 1172
32320361 331
23782193 1451
30884141 1336
9 9
11834051 472
9887117 651
11674603 955
11156653 281
21571801 1831
8794393 643
27240361 838
4280179 857
18065111 3414
8 10
16006609 5954
17400191 34
8755937 702
8883977 240
21641381 494
24225037 535
26778953 1135
19852499 873
5 8
20484703 6345
32025641 1161
5791531 247
21852079 1463
15812309 688
9 9
2450323 554
15647867 3197
4087913 953
23019743 1942
20157149 665
30778763 456
11801771 87
11930173 1221
27818009 896
8 7
7628773 142
25111319 302
18261647 201
28280599 327
25864621 368
7509077 121
10677437 180
19623229 8342
6 8
12783299 1258
27828547 4439
18755677 1323
29326499 1513
4885423 1303
9178459 111
8 6
12761989 3550
6345041 532
10880237 705
20576393 1080
4467011 2418
13147249 841
27045463 20
21370133 777
5 10
7641527 1411
30383239 268
6000173 4701
16160281 1655
26426249 1909
9 6
10783081 608
6434947 821
21542161 153
20528881 259
18969487 813
30184729 5517
17396087 844
16133539 886
1203733 22
9 6
985799 1496
31926563 841
18479393 581
12506083 277
28275967 611
5173541 481
14490149 3962
1455991 643
14380783 1076
10 6
20561461 635
20358083 1292
8371049 3527
19372627 270
5915891 400
19087231 178
23814893 204
21940651 472
17007917 2168
24357343 754
8 8
9255461 4576
6186163 845
6336467 489
2365411 905
8379197 645
23401681 201
29457551 573
33235117 1693
9 9
21221821 759
13069369 370
6656059 1401
11610737 1785
19919539 634
33546413 513
21118247 360
9950399 700
25044977 3384
8 7
2866793 846
1001027 597
1847381 180
19241351 918
10620751 160
30377531 1151
24216977 372
29997689 5774
10 8
14969281 846
2880239 710
8976091 2561
22348363 945
51431 479
6036119 1025
19030777 205
18557153 1862
61547 30
21693253 1296
8 9
21268361 1447
6321277 651
479833 3863
26187167 476
23931199 1233
31187753 1165
16585799 1013
20937263 64
10 6
28216493 118
4331009 864
1338791 3214
11616167 316
12099229 2073
15159769 627
2107037 982
25920157 896
30003227 695
12133061 201
8 10
10333559 634
1367291 907
27488579 1442
24728947 627
18533861 1224
2140877 1041
27434663 90
2481641 4034
9 10
8098157 747
19553867 2748
3733739 306
23908519 365
25389827 55
23626381 1889
14535691 856
25966271 2697
19046761 269
6 6
12435173 3789
11613733 626
9998117 923
22439119 2271
14531401 595
560293 1713
5 6
29273323 1471
31994839 2375
29104241 3014
6232363 1473
14476067 1608
5 6
19636471 5045
31814917 192
3024643 1412
25714921 1765
22113697 1571
7 7
16192259 443
11366449 2762
32688511 1011
15060223 565
28473833 804
13534883 3489
28114297 863
7 7
6605371 891
1952963 1252
24695051 1618
6958363 1805
18958271 1224
8827367 2986
3466621 129
9 8
19591051 1012
31655947 891
4107101 1035
7940833 268
10057469 151
13431941 485
30784441 4330
20668831 904
4326269 838
7 5
15193169 482
4339781 3497
12380009 1366
15443003 922
16375943 2105
20682367 599
5984687 989
9 5
6293039 352
11626313 3606
19799357 575
30189371 892
23656847 348
20984287 1316
16069919 1004
26825647 702
20119529 1135
6 6
5805377 241
31623947 718
28653367 343
3110399 7024
20256959 1552
3197899 49
6 5
17258743 3275
32732891 66
27916843 4621
19380947 827
3536633 556
18835741 626
6 8
11714137 351
11792279 207
30558449 82
18724571 4857
21748481 2623
25451851 1815
6 5
4132159 1148
5696147 927
5773393 841
30535861 750
9583757 5102
947911 1218
7 8
28324171 933
15856751 2788
1721887 756
27594389 1203
15527453 1274
28188119 704
22669817 2305
7 5
31555081 349
17503567 4409
11226427 723
2992081 1027
28862021 917
3835681 2429
2017549 47
9 10
27459629 1206
2228333 1412
21748781 307
29226763 1931
11511271 211
7713397 727
3106783 3337
16520099 133
1693583 676
9 10
16482073 224
11464909 680
27054101 339
16021903 692
4727399 838
25050083 834
21800651 5687
21398521 514
8903317 126
10 5
22565903 328
7693097 758
33356767 475
33356021 4441
5671511 291
2520257 650
6595859 99
4625321 1432
10591433 939
23032393 515
7 9
33260053 1159
21695351 1021
32690087 3065
31389661 1632
3033449 1347
11426291 1140
17791519 554
7 6
5863699 1398
24953389 1170
8895889 2610
13601491 1250
25114651 446
8898941 1008
19419221 2096
7 9
30991127 3407
16603513 387
28953889 1302
20456587 1218
4229207 1182
5276767 1110
9938263 1303
8 6
6822143 1767
2545453 1039
25828613 89
2236921 1305
11949733 934
15040451 4673
4488089 84
32866487 79
10 8
21983483 1428
14728381 345
20539241 220
1371913 5197
22093667 349
7589353 495
22616569 380
3707161 364
19670291 553
20630069 657
7 10
23273077 3752
2137547 973
25737017 124
11425537 559
24585811 485
18756919 1282
25948999 2728
9 7
31936561 282
14620469 3063
22787269 1234
12808661 1122
19054457 623
7811249 1007
21069701 956
14546393 975
10009339 712
8 8
130639 197
6781037 768
6555403 2419
12676967 358
30073973 193
16787297 1175
26644081 4399
24057359 433
8 7
11813129 598
13115257 286
5774987 4613
5094667 542
3723947 980
10162811 1020
24147587 1674
30992113 278
6 9
4560797 805
22081051 2610
12112361 1532
16247893 272
16886153 1204
29602889 3571
6 7
9357247 1437
30956381 4060
33081733 448
31631077 199
31329901 1576
25607471 2271
10 10
33160321 86
2767603 314
4703879 339
15159959 862
4739183 898
13357147 646
23522153 266
11260957 985
22850827 5555
3580679 48
8 10
5236727 1028
3265771 753
22283171 546
4498141 459
25983589 1024
8623409 5399
5783821 549
10367339 236
10 9
22643657 1051
25994971 205
22840093 379
9057427 799
9028759 1210
1546229 1813
14321227 425
23153159 3829
7069801 81
10573547 199
10 6
13828459 702
33481289 161
24685657 1155
32125001 389
28340567 737
5013101 578
22665823 167
24206129 4668
17990281 674
3862709 767
9 6
1924781 5399
1968353 1014
27864149 322
28018303 647
8618833 418
17420401 4
25809607 28
26307277 1587
8173051 580
10 8
32232247 353
17707009 790
10924439 543
5519387 791
18471647 973
28117987 816
2997719 152
31743157 30
9390671 512
21524719 5034
7 9
28765147 1286
2687141 344
26092343 2
22895863 2826
28833631 1352
8070221 3664
4356533 522
9 5
23285897 894
12357493 1079
2954599 1258
16431101 567
4107907 633
24186619 1841
30743093 1517
4496761 1755
10887271 454
7 5
18458611 1338
5874787 579
9238241 261
20970949 1331
10735523 5183
28328819 554
12913709 750
9 6
1535137 944
14008751 2335
7421143 1395
13631819 675
11976901 53
24219829 110
26294729 1257
25761391 2772
17886283 452
9 6
3629123 1667
2767763 213
9594181 553
32258251 377
19407923 17
24122741 3857
25034017 87
9488603 832
5849869 2393
8 9
7879021 145
2526967 606
27849097 499
17784031 4113
18863069 922
22153543 380
3374803 1917
29410991 1409
5 5
16718329 1074
19009981 3487
11659811 4487
19727551 441
24335327 508
5 5
13523581 380
7622717 504
21952571 4581
16689731 4333
33505007 193
10 9
13002029 853
27611471 812
18287167 804
24131153 4186
18617689 840
18882037 37
21864301 32
17306027 1407
14461093 473
11863417 552
5 6
2493409 3502
3544763 1839
16610107 1653
22288831 1263
16350221 1739
7 6
31510681 326
4589771 1350
29727421 3201
28191931 670
22909207 1345
12861029 762
481433 2336
6 5
18763571 252
3752017 885
30151501 1180
31289477 637
3786071 6671
4737143 372
7 5
8446939 89
20737159 6526
29720239 522
29381519 205
6278821 44
12120583 1390
23901971 1222
6 9
270343 2116
32008139 1274
18420517 1493
22939117 987
63127 2562
21153113 1560
5 9
7119323 2974
12629983 4963
243517 1060
28987313 72
18869927 926
9 8
23902687 1502
18028189 3662
21774143 552
5785051 993
6718337 256
9111511 264
395069 2086
13477589 555
16765337 121
9 9
10964053 215
1107763 162
22500131 179
3049019 932
23667781 1032
16623809 35
20077163 1040
12940243 6334
5228159 63
9 5
28711687 34
21568831 641
21078703 1370
22109221 4847
31516951 1076
11743337 992
20153941 769
8506643 198
13927591 72
9 8
13165991 3522
16479143 65
15761467 123
15916139 100
18457643 1358
4285847 2636
7117171 563
28223011 1111
30869701 516
5 9
7145291 1954
1654703 1550
30814261 49
24267847 2576
21530077 3869
10 9
4562287 482
14779489 4195
29067713 413
5629621 675
7936429 1766
24427873 938
15888011 685
4693651 374
4105001 263
21085837 207
8 10
21792193 643
13953997 867
24106367 1113
30981283 508
16073621 141
5646317 4908
7863577 544
2030659 1266
7 10
30858089 78
22650457 2139
16338379 4392
22465207 919
7007027 1419
27703127 1035
18266671 15
7 8
11458949 2626
25495933 513
31592761 854
11349071 1082
21154799 3854
15619147 218
4063601 845
5 8
32388271 1375
8224163 2036
4156921 4947
19467751 219
2649001 1413
9 8
5961001 204
25849207 352
28677959 586
6926461 606
8510959 5210
37021 797
31753487 928
33011653 1071
32152361 245
8 5
18204647 1153
32652713 508
12569027 1442
334751 111
22984651 3945
33364301 1267
17511181 961
22396811 610
8 7
30344317 580
10286891 813
3714397 74
7101401 1177
21281783 4543
19654049 1231
26857483 359
31612753 1213
6 6
8479963 702
22726931 881
7206223 635
32535697 4022
27521653 1657
9598321 2095
7 8
29720107 366
22189621 5655
10746929 761
3878843 932
4715969 58
9527053 809
31835813 1411
10 6
22883891 2308
18159503 884
17544133 731
22210871 487
1154039 306
33387853 2338
6146281 864
31315457 967
11269889 195
24645323 915
5 7
1952767 2439
3125293 2846
26824907 1727
13471103 1379
2103793 1602
8 6
19962031 4476
10242649 802
15570983 567
20539481 633
17246057 501
4430941 994
2679433 912
16066829 1108
9 8
31921271 507
3662909 962
20559593 572
10574197 48
26356861 4374
13694951 2148
8510977 626
25829707 571
10068577 191
7 9
22467979 860
10850923 1634
9348191 680
14904017 964
28620463 1051
20241787 3654
23327137 1156
5 9
30512299 299
20015977 1700
12759683 2875
31473991 333
27268753 4788
6 10
25638241 444
15064271 302
9230707 438
21187079 502
15774677 1394
16135633 6918
6 6
6968999 3213
10186373 2046
10629533 85
22208267 1262
16756979 2515
15529309 870
7 9
9017339 3744
11960341 3129
2737433 716
25856323 302
23550377 818
4291307 387
2897801 898
10 6
1542899 817
8825269 338
30341683 1668
24523853 539
15699461 3996
74363 122
23146609 298
31064461 664
2149249 729
11134777 823
9 5
27937153 108
11297527 27
32547143 673
19791029 2874
2615651 3762
25477961 919
10898467 473
14395727 252
21435163 906
10 10
791473603 181
654510151 39451
867415847 887
887625251 790
201013453 282
368696963 49077
810737129 8159
117113021 1067
86256263 40
875412049 66
10 10
535976351 23
692575007 45
504407209 88
837559157 1244
351065497 78423
648255929 5517
518767933 110
547026947 178
301878113 9
297557489 14363
10 10
872110973 1173
269618801 34
962804819 17
657136589 14737
781769783 50758
600933953 421
435228239 17797
90410899 289
910668397 1135
21168221 13639
10 10
419238763 9989
521512841 9967
903205777 9985
503877449 9975
816096401 9972
822204631 9954
313827697 9993
376172971 9900
618357529 9994
916339597 10271
10 10
98376893 74
384907619 51
935723227 48
888620081 61
906892951 61
133357649 14
19930061 23
38668093 37
123065777 99555
60332017 76
