3 3 1 1 1
0 1 2
2 2 2 2 2
1 1
1 3 2 3 3
0 0 0
5 3 6 6 6
0 2 4
1000000 100 1005921197 557560427 783085086
391936 1968 463 149705 634166 1 3186 391936 8343 5154 25 750 3186 750 8343 1968 391936 0 13497 8343 177 14 750 41 8343 3186 1968 177 41 92523 3186 14 3186 14 25 1968 14 8343 13497 242230 3186 149705 1968 1968 67 3186 3186 149705 3186 13497 177 1968 14 1 8 57180 25 750 177 750 286 14 2 41 13497 92523 177 286 41 391936 1216 391936 1968 1968 4 242230 3186 5154 177 3186 13497 21840 109 1968 3186 1968 35340 3186 4 25 3186 4 14 3186 35340 1968 242230 177 3186 14
5000000 100 1318083679 1723376465 2043636250
4532521 5375 4 0 1069982 2801253 661285 4532521 252589 26 22774 156107 2052 70 1 4 184 4532521 59627 2801253 156107 14075 8 1069982 2801253 299 2801253 408696 36851 1069982 1069982 2801253 252589 59627 5375 5375 59627 3320 1731268 783 661285 2052 4 3320 36851 41 483 5375 59627 36851 1069982 8 408696 59627 8 408696 408696 4532521 26 59627 70 0 112 783 96479 1069982 1069982 112 661285 8 4532521 252589 1069982 1 4532521 22774 299 299 783 299 0 8698 2801253 1731268 4532521 15 59627 26 8 1731268 8 14075 3320 1069982 2052 1267 783 59627 252589 408696
10000000 100 325264915 162995801 645334585
8033970 857 276703 1896563 1172139 276703 857 8033970 4 15418 326 529 3638 124 124 1 857 4 3638 1 124 4965267 4965267 857 201 47 40368 47 5 3638 76 124 5 124 1896563 11 76 1 0 3638 8033970 5889 11 11 11 326 124 47 5 29 857 124 1172139 447717 5 447717 3068702 24949 124 0 76 171012 16 8033970 105690 276703 76 3638 326 105690 9529 11 15418 326 0 5 0 65319 3638 16 124 1388 4 8033970 724421 2248 4965267 124 3638 65319 5 40368 65319 4 4965267 1172139 4965267 5 15418 857
10000000 100 213675215 125864622 614195640
9227465 9227465 9227465 9227465 9227465 9227465 9227465 9227465 9227465 9227465 9227465 9227465 9227465 9227465 9227465 9227465 9227465 9227465 9227465 9227465 9227465 9227465 9227465 9227465 9227465 9227465 9227465 9227465 9227465 9227465 9227465 9227465 9227465 9227465 9227465 9227465 2 9227465 9227465 9227465 9227465 9227465 9227465 9227465 9227465 9227465 9227465 9227465 9227465 9227465 9227465 9227465 9227465 9227465 9227465 9227465 9227465 9227465 9227465 9227465 9227465 9227465 9227465 9227465 9227465 9227465 9227465 0 9227465 9227465 9227465 1 9227465 9227465 9227465 9227465 9227465 9227465 9227465 9227465 9227465 9227465 9227465 9227465 9227465 3 1 9227465 9227465 9227465 9227465 9227465 9227465 9227465 9227465 9227465 9227465 9227465 9227465 9227465
10000000 100 1182709441 2140407773 502547238
8684703 8684703 8684703 8684703 8684703 8684703 8684703 8684703 8684703 8684703 8684703 8684703 8684703 8684703 8684703 8684703 8684703 8684703 0 8684703 8684703 8684703 8684703 8684703 8684703 8684703 8684703 8684703 8684703 8684703 8684703 8684703 8684703 8684703 8684703 8684703 8684703 8684703 8684703 8684703 8684703 3 8684703 8684703 8684703 8684703 8684703 8684703 8684703 8684703 8684703 8684703 8684703 8684703 8684703 1 7 8684703 8684703 8684703 8684703 8684703 8684703 8684703 8684703 8684703 8684703 8684703 8684703 8684703 8684703 8684703 8684703 8684703 8684703 8684703 8684703 11 8684703 8684703 8684703 8684703 8684703 8684703 8684703 8684703 8684703 8684703 8684703 8684703 8684703 8684703 8684703 8684703 8684703 8684703 8684703 8684703 8684703 8684703
10000000 100 1249086623 1582367013 868020556
4754677 4754677 4754677 7693229 4754677 4754677 7693229 4754677 7693229 7693229 7693229 7693229 4754677 7693229 7693229 4754677 7693229 4754677 4754677 4754677 7693229 7693229 7693229 4754677 4754677 2 7693229 7693229 7693229 7693229 4754677 7693229 4754677 7693229 7693229 4754677 4754677 4754677 4754677 7693229 7693229 7693229 7693229 4754677 4754677 7693229 4754677 4754677 0 7693229 4754677 4754677 4754677 4754677 4754677 7693229 7693229 4754677 4754677 3 1 7693229 4754677 7693229 4754677 4754677 7693229 7693229 7693229 4754677 7693229 7693229 7693229 4754677 4754677 4754677 7693229 7693229 4754677 7693229 4754677 4754677 4754677 4754677 4754677 7693229 7693229 7693229 4754677 7693229 7693229 7693229 4754677 7693229 1 4754677 4754677 4754677 7693229 7693229
10000000 100 213675215 125864622 614195640
9227465 9227465 9227465 9227465 9227465 9227465 9227465 9227465 9227465 9227465 9227465 9227465 9227465 9227465 9227465 9227465 9227465 9227465 9227465 9227465 9227465 9227465 9227465 9227465 9227465 9227465 9227465 9227465 9227465 9227465 9227465 9227465 9227465 9227465 9227465 9227465 2 9227465 9227465 9227465 9227465 9227465 9227465 9227465 9227465 9227465 9227465 9227465 9227465 9227465 9227465 9227465 9227465 9227465 9227465 9227465 9227465 9227465 9227465 9227465 9227465 9227465 9227465 9227465 9227465 9227465 9227465 0 9227465 9227465 9227465 1 9227465 9227465 9227465 9227465 9227465 9227465 9227465 9227465 9227465 9227465 9227465 9227465 9227465 3 1 9227465 9227465 9227465 9227465 9227465 9227465 9227465 9227465 9227465 9227465 9227465 9227465 9227465
10000000 100 1182709441 2140407773 502547238
8684703 8684703 8684703 8684703 8684703 8684703 8684703 8684703 8684703 8684703 8684703 8684703 8684703 8684703 8684703 8684703 8684703 8684703 0 8684703 8684703 8684703 8684703 8684703 8684703 8684703 8684703 8684703 8684703 8684703 8684703 8684703 8684703 8684703 8684703 8684703 8684703 8684703 8684703 8684703 8684703 3 8684703 8684703 8684703 8684703 8684703 8684703 8684703 8684703 8684703 8684703 8684703 8684703 8684703 1 7 8684703 8684703 8684703 8684703 8684703 8684703 8684703 8684703 8684703 8684703 8684703 8684703 8684703 8684703 8684703 8684703 8684703 8684703 8684703 8684703 11 8684703 8684703 8684703 8684703 8684703 8684703 8684703 8684703 8684703 8684703 8684703 8684703 8684703 8684703 8684703 8684703 8684703 8684703 8684703 8684703 8684703 8684703
10000000 100 1249086623 1582367013 868020556
4754677 4754677 4754677 7693229 4754677 4754677 7693229 4754677 7693229 7693229 7693229 7693229 4754677 7693229 7693229 4754677 7693229 4754677 4754677 4754677 7693229 7693229 7693229 4754677 4754677 2 7693229 7693229 7693229 7693229 4754677 7693229 4754677 7693229 7693229 4754677 4754677 4754677 4754677 7693229 7693229 7693229 7693229 4754677 4754677 7693229 4754677 4754677 0 7693229 4754677 4754677 4754677 4754677 4754677 7693229 7693229 4754677 4754677 3 1 7693229 4754677 7693229 4754677 4754677 7693229 7693229 7693229 4754677 7693229 7693229 7693229 4754677 4754677 4754677 7693229 7693229 4754677 7693229 4754677 4754677 4754677 4754677 4754677 7693229 7693229 7693229 4754677 7693229 7693229 7693229 4754677 7693229 1 4754677 4754677 4754677 7693229 7693229
