2 8
2 8
30 2254
25 2161
3 264
10 1095
12 1266
27 2659
5 365
2 337
16 1682
8 740
12 1194
22 1842
17 1641
14 1486
17 1471
14 1387
18 1871
14 1087
13 1098
24 2265
18 1748
6 668
14 1194
15 1718
16 1501
14 1493
12 1223
8 953
18 1750
12 1203
20 1995
26 2562
15 1334
3 252
21 1902
22 2190
11 1162
22 2358
3 176
2 105
5 471
13 1101
24 2532
17 1891
29 2315
23 2056
19 1821
1 160
24 2086
15 1444
9 1002
11 1034
2 178
26 2389
6 653
14 1170
9 994
10 1038
23 1856
20 1740
16 1648
6 604
8 750
9 1060
19 2012
1 37
21 2264
25 2655
5 325
13 1390
7 673
4 317
14 1368
5 498
7 823
13 1024
10 852
10 980
17 1716
8 835
2 234
24 2378
22 2374
25 2796
12 892
11 1097
18 1956
14 1517
42548 4577051792667
42436 4578578345439
42339 4577303406758
42496 4579240749812
42526 4579935587407
42322 4575236609934
42473 4579739387777
42531 4587511150699
42341 4582867860251
42332 4585350886905
